450070 99999 HONG KONG INTL                 2007 1484 1337 1457 1437 1485 1443 1484 1452 1428 1515 1443 1525
450070 99999 HONG KONG INTL                 2008 1547 1426 1547 1505 1546 1608 1559 1554 1499 1501 1448 1526
450070 99999 HONG KONG INTL                 2009 1519 1369 1559 1496 1524 1481 1577 1580 1521 1496 1459 1546
450070 99999 HONG KONG INTL                 2010 1550 1394 1529 1524 1538 1497 1542 1551 1499 1489 1469 1540
450070 99999 HONG KONG INTL                 2011 1508 1387 1536 1470 1547 1510 1542 1528 1481 1501 1463 1503
450070 99999 HONG KONG INTL                 2012 1529 1454 1551 1541 1536 1493 1562 1533 1459 1503 1476 1535
450070 99999 HONG KONG INTL                 2013 1520 1378 1554 1525 1840 1759 1835 1843 1695 1752 1708 1789
450070 99999 HONG KONG INTL                 2014 1773 1614 1857 1769 1885 1787 1762 1796 1735 1744 1714 1775
450070 99999 HONG KONG INTL                 2015 1770 1624 1784 1706 1867 1759 1824 1785 1711 1796 1689 1798
450070 99999 HONG KONG INTL                 2016 1847 1656 1825 1803 1802 1762 1811 1867 1727 1791 1646 1772
450070 99999 HONG KONG INTL                 2017 1783 1617 1834 1755 1848 1791  907    0    0    0    0    0


Total Surface Hourly Observations Available: 203519
Total Station-Years: 11
