911820 22521 HONOLULU INTERNATIONAL AIRPORT 1939    0    0    0    0    0  370  397  382  376  409  399  415
911820 22521 HONOLULU INTERNATIONAL AIRPORT 1940  404  366  408  396  536  663  695  741  720  734  720  656
911820 22521 HONOLULU INTERNATIONAL AIRPORT 1941  714  672  744  720  744  720  744  744  720  744  720  740
911820 22521 HONOLULU INTERNATIONAL AIRPORT 1942  743  672  743  720  744  720  743  744  720  744  720  744
911820 22521 HONOLULU INTERNATIONAL AIRPORT 1943  744  672  744  720  744  720  744  744  720  744  720  744
911820 22521 HONOLULU INTERNATIONAL AIRPORT 1944  744  696  744  720  744  720  741  744  720  744  720  744
911820 22521 HONOLULU INTERNATIONAL AIRPORT 1945  744  672  744  720  744  720  744  744  720  744  720  744
911820 22521 HONOLULU INTERNATIONAL AIRPORT 1946  744  672  744  720  744  720  744  744  720  744  720  744
911820 22521 HONOLULU INTERNATIONAL AIRPORT 1947  744  672  744  720  744  720  744  744  720  744  720  744
911820 22521 HONOLULU INTERNATIONAL AIRPORT 1948  744  696  744  720  744  720  743  744  720  744  720  744
911820 22521 HONOLULU INTERNATIONAL AIRPORT 1949  744  672  744  720  744  720  744  744  720  744  720  744
911820 22521 HONOLULU INTERNATIONAL AIRPORT 1950  744  672  744  720  744  720  744  744  720  744  720  744
911820 22521 HONOLULU INTERNATIONAL AIRPORT 1951  744  672  744  720  744  720  744  744  720  744  720  744
911820 22521 HONOLULU INTERNATIONAL AIRPORT 1952  744  696  744  720  744  720  744  744  720  744  720  744
911820 22521 HONOLULU INTERNATIONAL AIRPORT 1953  744  672  744  720  744  720  744  744  720  744  720  744
911820 22521 HONOLULU INTERNATIONAL AIRPORT 1954  744  672  744  720  744  720  744  744  720  744  720  744
911820 22521 HONOLULU INTERNATIONAL AIRPORT 1955  744  672  744  720  744  720  744  744  720  744  720  744
911820 22521 HONOLULU INTERNATIONAL AIRPORT 1956  744  696  744  720  744  720  744  744  720  744  720  744
911820 22521 HONOLULU INTERNATIONAL AIRPORT 1957  744  672  744  720  744  720  744  744  720  744  720  744
911820 22521 HONOLULU INTERNATIONAL AIRPORT 1958  744  672  744  720  744  720  744  744  720  744  720  744
911820 22521 HONOLULU INTERNATIONAL AIRPORT 1959  744  672  744  720  744  720  744  744  720  744  720  744
911820 22521 HONOLULU INTERNATIONAL AIRPORT 1960  744  696  744  720  744  720  744  744  720  744  720  744
911820 22521 HONOLULU INTERNATIONAL AIRPORT 1961  744  672  744  720  744  720  744  744  720  744  720  744
911820 22521 HONOLULU INTERNATIONAL AIRPORT 1962  744  672  744  720  744  720  744  744  720  744  720  744
911820 22521 HONOLULU INTERNATIONAL AIRPORT 1963  744  672  744  720  744  720  744  744  720  744  720  744
911820 22521 HONOLULU INTERNATIONAL AIRPORT 1964  744  696  744  720  744  720  744  744  720  744  720  744
911820 22521 HONOLULU INTERNATIONAL AIRPORT 1965  744  672  744  720  744  720  744  744  720  744  720  744
911820 22521 HONOLULU INTERNATIONAL AIRPORT 1966  744  672  744  720  744  720  744  744  720  744  720  744
911820 22521 HONOLULU INTERNATIONAL AIRPORT 1967  744  672  744  720  744  720  744  744  720  744  720  744
911820 22521 HONOLULU INTERNATIONAL AIRPORT 1968  744  696  744  720  744  720  744  744  720  744  720  744
911820 22521 HONOLULU INTERNATIONAL AIRPORT 1969  744  672  744  720  744  720  744  744  720  744  720  744
911820 22521 HONOLULU INTERNATIONAL AIRPORT 1970  744  672  744  720  744  720  744  744  720  744  720  744
911820 22521 HONOLULU INTERNATIONAL AIRPORT 1971  744  672  744  720  744  720  744  744  720  744  720  744
911820 22521 HONOLULU INTERNATIONAL AIRPORT 1972  744  696  744  720  744  720  744  744  720  744  720  744
911820 22521 HONOLULU INTERNATIONAL AIRPORT 1973  744  672  744  720  744  720  744  744  720  744  720  744
911820 22521 HONOLULU INTERNATIONAL AIRPORT 1974  744  672  744  720  744  720  744  744  720  744  720  744
911820 22521 HONOLULU INTERNATIONAL AIRPORT 1975  744  672  744  720  744  720  744  744  720  744  720  744
911820 22521 HONOLULU INTERNATIONAL AIRPORT 1976  744  696  744  720  744  720  744  744  720  744  720  744
911820 22521 HONOLULU INTERNATIONAL AIRPORT 1977  744  672  744  720  744  720  744  744  720  744  720  744
911820 22521 HONOLULU INTERNATIONAL AIRPORT 1978  744  672  744  720  744  720  744  744  720  744  720  744
911820 22521 HONOLULU INTERNATIONAL AIRPORT 1979  744  672  744  720  744  720  744  744  720  744  720  744
911820 22521 HONOLULU INTERNATIONAL AIRPORT 1980  744  696  744  720  744  720  744  744  720  744  720  744
911820 22521 HONOLULU INTERNATIONAL AIRPORT 1981  744  672  744  720  744  720  744  744  720  744  720  744
911820 22521 HONOLULU INTERNATIONAL AIRPORT 1982  744  672  744  720  744  720  744  744  720  744  720  744
911820 22521 HONOLULU INTERNATIONAL AIRPORT 1983  744  672  744  720  744  720  744  744  720  744  720  744
911820 22521 HONOLULU INTERNATIONAL AIRPORT 1984  744  696  744  720  744  720  744  744  720  744  720  744
911820 22521 HONOLULU INTERNATIONAL AIRPORT 1985  744  672  744  720  744  720  744  744  720  744  720  744
911820 22521 HONOLULU INTERNATIONAL AIRPORT 1986  744  672  744  720  744  720  744  744  720  744  720  744
911820 22521 HONOLULU INTERNATIONAL AIRPORT 1987  744  672  744  720  744  720  744  744  720  744  720  744
911820 22521 HONOLULU INTERNATIONAL AIRPORT 1988  744  696  744  720  744  720  780  789  753  762  788  828
911820 22521 HONOLULU INTERNATIONAL AIRPORT 1989  818  754  777  753  766  729  802  769  767  823  732  746
911820 22521 HONOLULU INTERNATIONAL AIRPORT 1990  820  717  798  738  778  758  766  751  764  767  767  824
911820 22521 HONOLULU INTERNATIONAL AIRPORT 1991  779  720  821  753  766  744  764  762  738  781  744  783
911820 22521 HONOLULU INTERNATIONAL AIRPORT 1992  764  731  777  726  769  733  766  762  769  783  754  820
911820 22521 HONOLULU INTERNATIONAL AIRPORT 1993  767  688  753  742  771  739  795  777  747  790  777  790
911820 22521 HONOLULU INTERNATIONAL AIRPORT 1994  791  750  808  771  760  743  766  770  752  771  735  788
911820 22521 HONOLULU INTERNATIONAL AIRPORT 1995  778  757  829  820  789  751  802  799  760  801  794  836
911820 22521 HONOLULU INTERNATIONAL AIRPORT 1996  844  769  817  787  774  790  824  778  759  774  903  891
911820 22521 HONOLULU INTERNATIONAL AIRPORT 1997  866  708  884  773  803  847  825  761  758  840  797  829
911820 22521 HONOLULU INTERNATIONAL AIRPORT 1998  809  704  765  757  768  767  818  801  754  765  769  796
911820 22521 HONOLULU INTERNATIONAL AIRPORT 1999  811  706  785  761  831  782  824  809  777  932  850  981
911820 22521 HONOLULU INTERNATIONAL AIRPORT 2000  906  814  877  874  875  858  896  905  884  873  886  882
911820 22521 HONOLULU INTERNATIONAL AIRPORT 2001  900  816  898  862  881  859  880  896  854  897  895  912
911820 22521 HONOLULU INTERNATIONAL AIRPORT 2002  915  829  915  874  933  850  921  887  865  926  897  898
911820 22521 HONOLULU INTERNATIONAL AIRPORT 2003  991  833  955  871  878  862  901  884  857  928  876  969
911820 22521 HONOLULU INTERNATIONAL AIRPORT 2004 1045  911  941  879  932  865  874  910  859  905  981  991
911820 22521 HONOLULU INTERNATIONAL AIRPORT 2005 1072  849  958  879  905  878  888  883  886  929  952  885
911820 22521 HONOLULU INTERNATIONAL AIRPORT 2006  953  889 1225  926  947  884  943  946  895  992  958  946
911820 22521 HONOLULU INTERNATIONAL AIRPORT 2007  960  847 1004  874  930  890  989  908  893  916 1011 1034
911820 22521 HONOLULU INTERNATIONAL AIRPORT 2008  956  881  911  895  944  890  933  915  903  965  904 1072
911820 22521 HONOLULU INTERNATIONAL AIRPORT 2009  967  839  936  893  915  881  919  933  881  946  896  934
911820 22521 HONOLULU INTERNATIONAL AIRPORT 2010  950  855  923  885  948  896  918  907  902  908  917 1098
911820 22521 HONOLULU INTERNATIONAL AIRPORT 2011  939  874  918  917  960  904  917  906  873  920  881  943
911820 22521 HONOLULU INTERNATIONAL AIRPORT 2012  940  887  986  889  910  903  920  908  885  917  877  943
911820 22521 HONOLULU INTERNATIONAL AIRPORT 2013 1001  828  971  923  933  896  927  919  877  920  911  967
911820 22521 HONOLULU INTERNATIONAL AIRPORT 2014  978  890  969  890  952  878  926  912  894  918  897  940
911820 22521 HONOLULU INTERNATIONAL AIRPORT 2015  936  863  922  884  907  879  930  987  988  963 1043  945
911820 22521 HONOLULU INTERNATIONAL AIRPORT 2016  912  883  914  904 1002  894 1101 1028  973  902  910  975
911820 22521 HONOLULU INTERNATIONAL AIRPORT 2017  916  974 1053  928  927  913  324    0    0    0    0    0


Total Surface Hourly Observations Available: 727313
Total Station-Years: 79
