722589 03991 DENTON MUNICIPAL AIRPORT       2006  836  872  932  863  926  805  801  827  855  857  933  931
722589 03991 DENTON MUNICIPAL AIRPORT       2007  982  840 1015  915 1123 1074  961  839  844  929  915 1054
722589 03991 DENTON MUNICIPAL AIRPORT       2008  888  883  976  927  944  841  807  989  877  873  893  929
722589 03991 DENTON MUNICIPAL AIRPORT       2009  906  780 1039  949 1050  820  874  824  989 1120  942 1046
722589 03991 DENTON MUNICIPAL AIRPORT       2010  944  962  941  948  917  843  985  817  970  847  859  885
722589 03991 DENTON MUNICIPAL AIRPORT       2011  954  896  883  886  977  796  773  817  779  924  916  979
722589 03991 DENTON MUNICIPAL AIRPORT       2012  926  891  962  918  915  814  799  838  852  892  781  928
722589 03991 DENTON MUNICIPAL AIRPORT       2013 1013  847  891  892  964  834  862  791  827  988  932 1024
722589 03991 DENTON MUNICIPAL AIRPORT       2014  862  897  935  908  893  904  888  839  814  882  951 1128
722589 03991 DENTON MUNICIPAL AIRPORT       2015  988 1037 1140 1112 1297  943  828  806  797 1001 1029  945
722589 03991 DENTON MUNICIPAL AIRPORT       2016  897  831 1042 1017 1085  929  876  983  885  860  951  983
722589 03991 DENTON MUNICIPAL AIRPORT       2017  982  867  955  969  888 1008  333    0    0    0    0    0


Total Surface Hourly Observations Available: 127139
Total Station-Years: 12
