726116 94765 LEBANON MUNICIPAL AIRPORT      2007 1147  916 1164 1095  958 1111 1242 1219 1246 1288 1114 1357
726116 94765 LEBANON MUNICIPAL AIRPORT      2008 1133 1305 1186 1036  870 1240 1323 1326 1277 1142 1139 1210
726116 94765 LEBANON MUNICIPAL AIRPORT      2009 1089  926 1060  993 1018 1103 1319 1281 1252 1164 1123 1160
726116 94765 LEBANON MUNICIPAL AIRPORT      2010 1203 1019  952 1047 1052 1183 1097 1146 1084 1208 1048 1109
726116 94765 LEBANON MUNICIPAL AIRPORT      2011 1152 1049 1118 1080 1093 1171 1109 1410 1355 1266 1231 1125
726116 94765 LEBANON MUNICIPAL AIRPORT      2012 1162  889 1040  908 1154 1052 1189 1204 1330 1260  888 1342
726116 94765 LEBANON MUNICIPAL AIRPORT      2013 1075 1130 1029  919 1151 1273 1297 1304 1202 1156 1069 1238
726116 94765 LEBANON MUNICIPAL AIRPORT      2014 1270 1032 1120  960 1085  986 1228 1271 1277 1203 1025 1368
726116 94765 LEBANON MUNICIPAL AIRPORT      2015 1125 1083 1076  964  977 1144 1183 1332 1318 1011  983 1463
726116 94765 LEBANON MUNICIPAL AIRPORT      2016 1005 1109 1057  901 1083  981 1059 1251 1241 1215 1277 1235
726116 94765 LEBANON MUNICIPAL AIRPORT      2017 1052 1051 1083 1081 1150 1027  640    0    0    0    0    0


Total Surface Hourly Observations Available: 144082
Total Station-Years: 11
