994033 99999 ALAMEDA                        2005    0    0    0  275  741  711  675  592  324  653  676  721
994033 99999 ALAMEDA                        2006  709  656  733  719  725  715  740  739  670  653  703  741
994033 99999 ALAMEDA                        2007  730  643  702  719  742  707  738  679  719  720  719  744
994033 99999 ALAMEDA                        2008  718  688  726  720  743  709  744  737  694  717  720  744
994033 99999 ALAMEDA                        2009  744  671  740  694  744  715  744  735  718  744  720  733
994033 99999 ALAMEDA                        2010  742  659  726  720  744  720  743  720  683  744  720  744
994033 99999 ALAMEDA                        2011  744  663  709  720  743  719  744  743  720  726  720  744
994033 99999 ALAMEDA                        2012  744  691  732  720  744  720  744  744  720  675  720  744
994033 99999 ALAMEDA                        2013  744  672  742  720  744  717  744  733  696  743  652  743
994033 99999 ALAMEDA                        2014  744  671  744  720  741  718  716  730  713  732  720  743
994033 99999 ALAMEDA                        2015  744  644  736  720  743  719  732  672  704  732  636  695
994033 99999 ALAMEDA                        2016  744  680  688  678  744  718  742  744  718  744  690  744
994033 99999 ALAMEDA                        2017  738  672  744  720  743  709  261    0    0    0    0    0


Total Surface Hourly Observations Available: 104893
Total Station-Years: 13
