727930 24233 SEATTLE-TACOMA INTERNATIONAL A 1997 1030  830  988  875  855  843  844  793  838  979  854  972
727930 24233 SEATTLE-TACOMA INTERNATIONAL A 1998  924  742  911  794  944  861  867  800  832  920  924 1084
727930 24233 SEATTLE-TACOMA INTERNATIONAL A 1999  994  924  954  843  927  934  871  918  795 1018 1035 1068
727930 24233 SEATTLE-TACOMA INTERNATIONAL A 2000 1103  915 1024  908 1021  921  951  990 1012 1064  964 1076
727930 24233 SEATTLE-TACOMA INTERNATIONAL A 2001 1085  902 1013  979  939  936  958  992  968 1099  992 1025
727930 24233 SEATTLE-TACOMA INTERNATIONAL A 2002 1098  921 1035 1023  967  933  958  947  909 1053  994 1066
727930 24233 SEATTLE-TACOMA INTERNATIONAL A 2003 1101 1027 1045 1006  947  934  900  921  982 1093 1043 1065
727930 24233 SEATTLE-TACOMA INTERNATIONAL A 2004 1193  933 1048  898  984  902  945 1050 1046 1097 1190 1251
727930 24233 SEATTLE-TACOMA INTERNATIONAL A 2005 1165  961 1020 1016 1024 1029  958  998  987 1030 1168 1128
727930 24233 SEATTLE-TACOMA INTERNATIONAL A 2006 1202  971 1041 1042  989 1009  982  978 1047 1172 1265 1210
727930 24233 SEATTLE-TACOMA INTERNATIONAL A 2007 1211 1115 1184 1024 1026 1029 1011 1038 1110 1222 1193 1287
727930 24233 SEATTLE-TACOMA INTERNATIONAL A 2008 1246 1126 1308 1145 1142 1050 1044 1127 1028 1141 1191 1422
727930 24233 SEATTLE-TACOMA INTERNATIONAL A 2009 1392 1025 1249 1095 1047  971  981 1074 1020 1141 1172 1114
727930 24233 SEATTLE-TACOMA INTERNATIONAL A 2010 1118  941 1093 1040 1085 1063 1071 1079 1196 1145 1224 1155
727930 24233 SEATTLE-TACOMA INTERNATIONAL A 2011 1295 1065 1148 1171 1094 1053 1048 1004 1004 1265 1124 1284
727930 24233 SEATTLE-TACOMA INTERNATIONAL A 2012 1192 1106 1228 1096 1040 1068 1081  965  981 1199 1095 1282
727930 24233 SEATTLE-TACOMA INTERNATIONAL A 2013 1262 1132 1106 1125 1071  975 1041 1027 1171 1265 1151 1282
727930 24233 SEATTLE-TACOMA INTERNATIONAL A 2014 1387 1064 1161 1036 1019 1006  994 1025 1045 1126 1098 1104
727930 24233 SEATTLE-TACOMA INTERNATIONAL A 2015 1329 1044 1023  988 1039  932  979 1009 1017 1173 1202 1190
727930 24233 SEATTLE-TACOMA INTERNATIONAL A 2016 1113 1062 1088  969 1037  997 1013 1001 1033 1104 1099 1227
727930 24233 SEATTLE-TACOMA INTERNATIONAL A 2017 1042 1121 1231 1005 1081 1018  356    0    0    0    0    0


Total Surface Hourly Observations Available: 258313
Total Station-Years: 21
