747043 03165 EL MONTE AIRPORT               2006  446  397  429  415  444  418  429  455  433  433  428  435
747043 03165 EL MONTE AIRPORT               2007  444  414  446  439  420  315  344  342  327  349  359  347
747043 03165 EL MONTE AIRPORT               2008  363  323  383  346  364  363  379  378  366  373  388  399
747043 03165 EL MONTE AIRPORT               2009  400  370  384  371  400  393  390  400  384  399  375  399
747043 03165 EL MONTE AIRPORT               2010  411  369  393  390  413  411  418  401  395  415  383  428
747043 03165 EL MONTE AIRPORT               2011  406  373  411  391  403  404  403  421  415  410  392  382
747043 03165 EL MONTE AIRPORT               2012  407  385  405  394  410  384  406  403  391  405  398  436
747043 03165 EL MONTE AIRPORT               2013  405  343  409  381  397  379  393  398  385  400  380  396
747043 03165 EL MONTE AIRPORT               2014  403  368  409  388  397  387  398  397  381  402  372  393
747043 03165 EL MONTE AIRPORT               2015  375  352  397  358  380  364  357  373  344  366  334  338
747043 03165 EL MONTE AIRPORT               2016  339  340  373  359  341  346  356  361  347  366  326  351
747043 03165 EL MONTE AIRPORT               2017  387  349  377  333  363  343  131    0    0    0    0    0


Total Surface Hourly Observations Available: 53447
Total Station-Years: 12
